_viz_0 = nengo_gui.components.XYValue(output)
_viz_config[_viz_0].height = 0.5385266839458278
_viz_config[_viz_0].index_y = 1
_viz_config[_viz_0].label_visible = True
_viz_config[_viz_0].max_value = 2
_viz_config[_viz_0].x = 0.47802887587313997
_viz_config[_viz_0].index_x = 0
_viz_config[_viz_0].y = 1.3788789116297673
_viz_config[_viz_0].min_value = -2
_viz_config[_viz_0].width = 0.4539968298241454
_viz_2 = nengo_gui.components.Slider(goal_y)
_viz_config[_viz_2].y = 1.6558984482650807
_viz_config[_viz_2].height = 0.26959150425475703
_viz_config[_viz_2].width = 0.10843154242555098
_viz_config[_viz_2].min_value = -1
_viz_config[_viz_2].label_visible = True
_viz_config[_viz_2].x = -0.14930809381389398
_viz_config[_viz_2].max_value = 1
_viz_3 = nengo_gui.components.Slider(goal_x)
_viz_config[_viz_3].y = 1.0665264557351215
_viz_config[_viz_3].height = 0.2747641973830638
_viz_config[_viz_3].width = 0.12248786582239596
_viz_config[_viz_3].min_value = -1
_viz_config[_viz_3].label_visible = True
_viz_config[_viz_3].x = -0.14601947277363186
_viz_config[_viz_3].max_value = 1
_viz_4 = nengo_gui.components.XYValue(osc)
_viz_config[_viz_4].height = 0.0898056783125952
_viz_config[_viz_4].index_y = 1
_viz_config[_viz_4].label_visible = True
_viz_config[_viz_4].max_value = 1
_viz_config[_viz_4].x = 0.5005630498533725
_viz_config[_viz_4].index_x = 0
_viz_config[_viz_4].y = 0.5048288950632688
_viz_config[_viz_4].min_value = -1
_viz_config[_viz_4].width = 0.12905376344086036
_viz_ace_editor = nengo_gui.components.AceEditor()
_viz_net_graph = nengo_gui.components.NetGraph()
_viz_sim_control = nengo_gui.components.SimControl()
_viz_config[_viz_sim_control].shown_time = 0.5
_viz_config[_viz_sim_control].kept_time = 4.0
_viz_config[goal_x].pos=(0.2674318689148135, 0.6997416160228656)
_viz_config[goal_x].size=(0.07272727272727274, 0.05194805194805195)
_viz_config[goal_y].pos=(0.2725045701048793, 0.29054711260961225)
_viz_config[goal_y].size=(0.07272727272727274, 0.05194805194805195)
_viz_config[kick].pos=(0.013696877625655234, 0.4994042127923189)
_viz_config[kick].size=(0.015244712531868399, 0.03070112179487164)
_viz_config[model].pos=(0.5096329707355726, -0.18509696327337125)
_viz_config[model].size=(0.5565919167304569, 0.5565919167304569)
_viz_config[model].expanded=True
_viz_config[model].has_layout=True
_viz_config[osc].pos=(0.13636363636363635, 0.5)
_viz_config[osc].size=(0.09090909090909091, 0.06493506493506494)
_viz_config[output].pos=(0.8122536864249557, 0.5161028057916809)
_viz_config[output].size=(0.1, 0.1)
_viz_config[x].pos=(0.5, 0.6948051948051949)
_viz_config[x].size=(0.09090909090909091, 0.06493506493506494)
_viz_config[x].expanded=False
_viz_config[x].has_layout=True
_viz_config[x.dy].pos=(0.3591549295774648, 0.6209677419354839)
_viz_config[x.dy].size=(0.07042253521126761, 0.08064516129032258)
_viz_config[x.input].pos=(0.0915492957746479, 0.6209677419354839)
_viz_config[x.input].size=(0.05633802816901409, 0.06451612903225806)
_viz_config[x.output].pos=(0.9084507042253521, 0.16129032258064516)
_viz_config[x.output].size=(0.05633802816901409, 0.06451612903225806)
_viz_config[x.pa_force].pos=(0.9084507042253521, 0.8548387096774193)
_viz_config[x.pa_force].size=(0.05633802816901409, 0.06451612903225806)
_viz_config[x.y].pos=(0.6408450704225352, 0.16129032258064516)
_viz_config[x.y].size=(0.07042253521126761, 0.08064516129032258)
_viz_config[y].pos=(0.5, 0.30519480519480524)
_viz_config[y].size=(0.09090909090909091, 0.06493506493506494)
_viz_config[y].expanded=False
_viz_config[y].has_layout=False