_viz_ace_editor = nengo_gui.components.AceEditor()
_viz_net_graph = nengo_gui.components.NetGraph()
_viz_sim_control = nengo_gui.components.SimControl()
_viz_config[_viz_sim_control].kept_time = 4.0
_viz_config[_viz_sim_control].shown_time = 0.5
_viz_config[goal].pos=(0.19696969696969696, 0.5)
_viz_config[goal].size=(0.1212121212121212, 0.2)
_viz_config[model].pos=(0.06834832483612525, 0.11832099960876381)
_viz_config[model].size=(0.8442598538023351, 0.8442598538023351)
_viz_config[model].expanded=True
_viz_config[model].has_layout=True
_viz_config[pa].pos=(0.7727272727272727, 0.5)
_viz_config[pa].size=(0.15151515151515152, 0.25)