_viz_0 = nengo_gui.components.XYValue(output)
_viz_config[_viz_0].index_x = 0
_viz_config[_viz_0].index_y = 1
_viz_config[_viz_0].max_value = 5
_viz_config[_viz_0].min_value = -5
_viz_config[_viz_0].height = 0.2439603365384621
_viz_config[_viz_0].label_visible = True
_viz_config[_viz_0].width = 0.34351076716761514
_viz_config[_viz_0].y = 1.0629692351711346
_viz_config[_viz_0].x = 0.6019007873556637
_viz_2 = nengo_gui.components.Slider(goal_y)
_viz_config[_viz_2].label_visible = True
_viz_config[_viz_2].width = 0.05719363365073789
_viz_config[_viz_2].x = -0.0703494101529777
_viz_config[_viz_2].y = 0.3035414293972896
_viz_config[_viz_2].max_value = 1
_viz_config[_viz_2].min_value = -1
_viz_config[_viz_2].height = 0.11728355996929052
_viz_3 = nengo_gui.components.Slider(goal_x)
_viz_config[_viz_3].label_visible = True
_viz_config[_viz_3].width = 0.07355173163082442
_viz_config[_viz_3].x = -0.07265115408113418
_viz_config[_viz_3].y = 0.6903975706151487
_viz_config[_viz_3].max_value = 1
_viz_config[_viz_3].min_value = -1
_viz_config[_viz_3].height = 0.1138912927350428
_viz_4 = nengo_gui.components.XYValue(osc)
_viz_config[_viz_4].index_x = 0
_viz_config[_viz_4].index_y = 1
_viz_config[_viz_4].max_value = 1
_viz_config[_viz_4].min_value = -1
_viz_config[_viz_4].height = 0.0898056783125952
_viz_config[_viz_4].label_visible = True
_viz_config[_viz_4].width = 0.12905376344086036
_viz_config[_viz_4].y = 0.5048288950632688
_viz_config[_viz_4].x = 0.5005630498533725
_viz_ace_editor = nengo_gui.components.AceEditor()
_viz_net_graph = nengo_gui.components.NetGraph()
_viz_sim_control = nengo_gui.components.SimControl()
_viz_config[_viz_sim_control].kept_time = 4.0
_viz_config[_viz_sim_control].shown_time = 0.5
_viz_config[goal_x].pos=(0.12488514173998044, 0.6911617549117546)
_viz_config[goal_x].size=(0.07272727272727274, 0.05194805194805195)
_viz_config[goal_y].pos=(0.10733137829912015, 0.3003526681651681)
_viz_config[goal_y].size=(0.07272727272727274, 0.05194805194805195)
_viz_config[kick].pos=(-0.0628559886214365, 0.5018556016812078)
_viz_config[kick].size=(0.05634946236559126, 0.03070112179487164)
_viz_config[model].pos=(0.17367465592111464, -0.16884590273107825)
_viz_config[model].size=(0.8498583569405079, 0.8498583569405079)
_viz_config[model].expanded=True
_viz_config[model].has_layout=True
_viz_config[osc].pos=(0.13636363636363635, 0.5)
_viz_config[osc].size=(0.09090909090909091, 0.06493506493506494)
_viz_config[output].pos=(0.8122536864249557, 0.5161028057916809)
_viz_config[output].size=(0.1, 0.1)
_viz_config[x].pos=(0.5, 0.6948051948051949)
_viz_config[x].size=(0.09090909090909091, 0.06493506493506494)
_viz_config[x].expanded=False
_viz_config[x].has_layout=True
_viz_config[x.ensembles[0]].pos=(0.6408450704225352, 0.5)
_viz_config[x.ensembles[0]].size=(0.07042253521126761, 0.25)
_viz_config[x.ensembles[1]].pos=(0.3591549295774648, 0.5)
_viz_config[x.ensembles[1]].size=(0.07042253521126761, 0.25)
_viz_config[x.input].pos=(0.0915492957746479, 0.5)
_viz_config[x.input].size=(0.05633802816901409, 0.2)
_viz_config[x.output].pos=(0.9084507042253521, 0.5)
_viz_config[x.output].size=(0.05633802816901409, 0.2)
_viz_config[y].pos=(0.5, 0.30519480519480524)
_viz_config[y].size=(0.09090909090909091, 0.06493506493506494)
_viz_config[y].expanded=False
_viz_config[y].has_layout=False