_viz_0 = nengo_gui.components.Value(point_attractor.networks[0])
_viz_config[_viz_0].x = 0.7925646950632631
_viz_config[_viz_0].synapse = 0.01
_viz_config[_viz_0].min_value = -5
_viz_config[_viz_0].show_legend = False
_viz_config[_viz_0].max_value = 5
_viz_config[_viz_0].legend_labels = ['label_0', 'label_1']
_viz_config[_viz_0].height = 0.2216796875
_viz_config[_viz_0].y = 0.8274377893518519
_viz_config[_viz_0].label_visible = True
_viz_config[_viz_0].width = 0.22961730449251247
_viz_1 = nengo_gui.components.Value(model.nodes[0])
_viz_config[_viz_1].x = 0.3210034303898305
_viz_config[_viz_1].synapse = 0.01
_viz_config[_viz_1].min_value = -1
_viz_config[_viz_1].show_legend = False
_viz_config[_viz_1].max_value = 1
_viz_config[_viz_1].legend_labels = ['label_0']
_viz_config[_viz_1].height = 0.208984375
_viz_config[_viz_1].y = 0.8300757336623812
_viz_config[_viz_1].label_visible = True
_viz_config[_viz_1].width = 0.22878536249754233
_viz_2 = nengo_gui.components.Slider(point_attractor.nodes[0])
_viz_config[_viz_2].height = 0.1953125
_viz_config[_viz_2].x = 0.185022750269198
_viz_config[_viz_2].min_value = -1
_viz_config[_viz_2].y = 0.3792366132920111
_viz_config[_viz_2].label_visible = True
_viz_config[_viz_2].max_value = 1
_viz_config[_viz_2].width = 0.08319467554076539
_viz_ace_editor = nengo_gui.components.NoEditor()
_viz_net_graph = nengo_gui.components.NetGraph()
_viz_sim_control = nengo_gui.components.SimControl()
_viz_config[_viz_sim_control].kept_time = 4.0
_viz_config[_viz_sim_control].shown_time = 0.5
_viz_config[forcing_function].pos=(0.4825291181364393, 0.5195515763697567)
_viz_config[forcing_function].size=(0.1196339434276209, 0.058119069482705996)
_viz_config[forcing_function].expanded=False
_viz_config[forcing_function].has_layout=True
_viz_config[model].pos=(-0.064891846921797, -0.13223140495867763)
_viz_config[model].size=(1.0, 1.0)
_viz_config[model].expanded=True
_viz_config[model].has_layout=True
_viz_config[model.ensembles[0]].pos=(0.4917597654702477, 0.35185185185185186)
_viz_config[model.ensembles[0]].size=(0.07936507936507937, 0.046296296296296294)
_viz_config[model.nodes[0]].pos=(0.48336105219734693, 0.21349862258953145)
_viz_config[model.nodes[0]].size=(0.06809162944040353, 0.037037037037037035)
_viz_config[model.nodes[1]].pos=(0.6136465678894961, 0.3539179675543312)
_viz_config[model.nodes[1]].size=(0.0634920634920635, 0.037037037037037035)
_viz_config[point_attractor].pos=(0.8015873015873015, 0.35185185185185186)
_viz_config[point_attractor].size=(0.15873015873015875, 0.18518518518518517)
_viz_config[point_attractor].expanded=True
_viz_config[point_attractor].has_layout=True
_viz_config[point_attractor.input].pos=(0.40163934426229503, 0.5)
_viz_config[point_attractor.input].size=(0.06557377049180327, 0.08)
_viz_config[point_attractor.networks[0]].pos=(0.7950819672131146, 0.5)
_viz_config[point_attractor.networks[0]].size=(0.16393442622950818, 0.4)
_viz_config[point_attractor.networks[0]].expanded=False
_viz_config[point_attractor.networks[0]].has_layout=False
_viz_config[point_attractor.nodes[0]].pos=(0.16421128719893116, 0.1987603305785125)
_viz_config[point_attractor.nodes[0]].size=(0.06557377049180327, 0.08)