_viz_0 = nengo_gui.components.XYValue(model.output)
_viz_config[_viz_0].index_y = 1
_viz_config[_viz_0].y = 0.47901808038285454
_viz_config[_viz_0].x = 0.7230855924552965
_viz_config[_viz_0].min_value = -2
_viz_config[_viz_0].width = 0.23131441332630276
_viz_config[_viz_0].height = 0.3924418900364129
_viz_config[_viz_0].index_x = 0
_viz_config[_viz_0].max_value = 2
_viz_config[_viz_0].label_visible = True
_viz_1 = nengo_gui.components.Slider(model.input)
_viz_config[_viz_1].min_value = -1
_viz_config[_viz_1].width = 0.06443298969072164
_viz_config[_viz_1].height = 0.13759691031404245
_viz_config[_viz_1].x = 0.40922289041618953
_viz_config[_viz_1].max_value = 1
_viz_config[_viz_1].label_visible = True
_viz_config[_viz_1].y = 0.19116694855532068
_viz_ace_editor = nengo_gui.components.NoEditor()
_viz_net_graph = nengo_gui.components.NetGraph()
_viz_sim_control = nengo_gui.components.SimControl()
_viz_config[_viz_sim_control].kept_time = 4.0
_viz_config[_viz_sim_control].shown_time = 0.5
_viz_config[model].pos=(0, 0)
_viz_config[model].size=(1.0, 1.0)
_viz_config[model].expanded=True
_viz_config[model].has_layout=True
_viz_config[model.ensembles[0]].pos=(0.22713578196612297, 0.10573358324181917)
_viz_config[model.ensembles[0]].size=(0.06172839506172839, 0.04545454545454545)
_viz_config[model.input].pos=(0.22337004073031735, 0.4972267364048463)
_viz_config[model.input].size=(0.04938271604938271, 0.03636363636363636)
_viz_config[model.networks[0]].pos=(0.3494598124712945, 0.47497937654488087)
_viz_config[model.networks[0]].size=(0.06865739459302435, 0.08067130003205152)
_viz_config[model.networks[0]].expanded=False
_viz_config[model.networks[0]].has_layout=False
_viz_config[model.networks[1]].pos=(0.09996138688542622, 0.47651140463931985)
_viz_config[model.networks[1]].size=(0.06414450196673516, 0.07757496691614969)
_viz_config[model.networks[1]].expanded=False
_viz_config[model.networks[1]].has_layout=False
_viz_config[model.nodes[1]].pos=(0.09571968408295713, 0.10754784679118527)
_viz_config[model.nodes[1]].size=(0.04938271604938271, 0.03636363636363636)
_viz_config[model.output].pos=(0.21832082363021965, 0.9293581920717359)
_viz_config[model.output].size=(0.04938271604938271, 0.03636363636363636)